-188.35543158
-188.17140087
-187.98737016
-187.80333945
-187.61930874
-187.43527803
-187.25124732
-187.06721661
-186.88318590
-186.69915519
-186.51512448
-186.33109377
-186.14706306
-185.96303235
-185.77900164
-185.59497093
-185.41094022
-185.22690951
-185.04287880
-184.85884809
-184.67481738
-184.49078667
-184.30675596
-184.12272525
-183.93869455
-183.75466384
-183.57063313
-183.38660242
-183.20257171
-183.01854100
-182.83451029
-182.65047958
-182.46644887
-182.28241816
-182.09838745
-181.91435674
-181.73032603
-181.54629532
-181.36226461
-181.17823390
-180.99420319
-180.81017248
-180.62614177
-180.44211106
-180.25808035
-180.07404964
-179.89001893
-179.70598822
-179.52195751
-179.33792680
-179.15389609
-178.96986538
-178.78583467
-178.60180396
-178.41777325
-178.23374254
-178.04971183
-177.86568112
-177.68165041
-177.49761970
-177.31358899
-177.12955828
-176.94552757
-176.76149686
-176.57746615
-176.39343544
-176.20940473
-176.02537402
-175.84134331
-175.65731260
-175.47328189
-175.28925118
-175.10522047
-174.92118976
-174.73715905
-174.55312834
-174.36909763
-174.18506692
-174.00103621
-173.81700550
-173.63297479
-173.44894408
-173.26491337
-173.08088266
-172.89685195
-172.71282124
-172.52879053
-172.34475982
-172.16072911
-171.97669840
-171.79266769
-171.60863698
-171.42460627
-171.24057556
-171.05654485
-170.87251414
-170.68848343
-170.50445272
-170.32042201
-170.13639130
-169.95236059
-169.76832988
-169.58429917
-169.40026846
-169.21623775
-169.03220704
-168.84817633
-168.66414562
-168.48011491
-168.29608420
-168.11205349
-167.92802278
-167.74399207
-167.55996136
-167.37593065
-167.19189994
-167.00786923
-166.82383852
-166.63980781
-166.45577710
-166.27174639
-166.08771568
-165.90368497
-165.71965426
-165.53562356
-165.35159285
-165.16756214
-164.98353143
-164.79950072
-164.61547001
-164.43143930
-164.24740859
-164.06337788
-163.87934717
-163.69531646
-163.51128575
-163.32725504
-163.14322433
-162.95919362
-162.77516291
-162.59113220
-162.40710149
-162.22307078
-162.03904007
-161.85500936
-161.67097865
-161.48694794
-161.30291723
-161.11888652
-160.93485581
-160.75082510
-160.56679439
-160.38276368
-160.19873297
-160.01470226
-159.83067155
-159.64664084
-159.46261013
-159.27857942
-159.09454871
-158.91051800
-158.72648729
-158.54245658
-158.35842587
-158.17439516
-157.99036445
-157.80633374
-157.62230303
-157.43827232
-157.25424161
-157.07021090
-156.88618019
-156.70214948
-156.51811877
-156.33408806
-156.15005735
-155.96602664
-155.78199593
-155.59796522
-155.41393451
-155.22990380
-155.04587309
-154.86184238
-154.67781167
-154.49378096
-154.30975025
-154.12571954
-153.94168883
-153.75765812
-153.57362741
-153.38959670
-153.20556599
-153.02153528
-152.83750457
-152.65347386
-152.46944315
-152.28541244
-152.10138173
-151.91735102
-151.73332031
-151.54928960
-151.36525889
-151.18122818
-150.99719747
-150.81316676
-150.62913605
-150.44510534
-150.26107463
-150.07704392
-149.89301321
-149.70898250
-149.52495179
-149.34092108
-149.15689037
-148.97285966
-148.78882895
-148.60479824
-148.42076753
-148.23673682
-148.05270611
-147.86867540
-147.68464469
-147.50061398
-147.31658327
-147.13255257
-146.94852186
-146.76449115
-146.58046044
-146.39642973
-146.21239902
-146.02836831
-145.84433760
-145.66030689
-145.47627618
-145.29224547
-145.10821476
-144.92418405
-144.74015334
-144.55612263
-144.37209192
-144.18806121
-144.00403050
-143.81999979
-143.63596908
-143.45193837
-143.26790766
-143.08387695
-142.89984624
-142.71581553
-142.53178482
-142.34775411
-142.16372340
-141.97969269
-141.79566198
-141.61163127
-141.42760056
-141.24356985
-141.05953914
-140.87550843
-140.69147772
-140.50744701
-140.32341630
-140.13938559
-139.95535488
-139.77132417
-139.58729346
-139.40326275
-139.21923204
-139.03520133
-138.85117062
-138.66713991
-138.48310920
-138.29907849
-138.11504778
-137.93101707
-137.74698636
-137.56295565
-137.37892494
-137.19489423
-137.01086352
-136.82683281
-136.64280210
-136.45877139
-136.27474068
-136.09070997
-135.90667926
-135.72264855
-135.53861784
-135.35458713
-135.17055642
-134.98652571
-134.80249500
-134.61846429
-134.43443358
-134.25040287
-134.06637216
-133.88234145
-133.69831074
-133.51428003
-133.33024932
-133.14621861
-132.96218790
-132.77815719
-132.59412648
-132.41009577
-132.22606506
-132.04203435
-131.85800364
-131.67397293
-131.48994222
-131.30591151
-131.12188080
-130.93785009
-130.75381938
-130.56978867
-130.38575796
-130.20172725
-130.01769654
-129.83366583
-129.64963512
-129.46560441
-129.28157370
-129.09754299
-128.91351228
-128.72948158
-128.54545087
-128.36142016
-128.17738945
-127.99335874
-127.80932803
-127.62529732
-127.44126661
-127.25723590
-127.07320519
-126.88917448
-126.70514377
-126.52111306
-126.33708235
-126.15305164
-125.96902093
-125.78499022
-125.60095951
-125.41692880
-125.23289809
-125.04886738
-124.86483667
-124.68080596
-124.49677525
-124.31274454
-124.12871383
-123.94468312
-123.76065241
-123.57662170
-123.39259099
-123.20856028
-123.02452957
-122.84049886
-122.65646815
-122.47243744
-122.28840673
-122.10437602
-121.92034531
-121.73631460
-121.55228389
-121.36825318
-121.18422247
-121.00019176
-120.81616105
-120.63213034
-120.44809963
-120.26406892
-120.08003821
-119.89600750
-119.71197679
-119.52794608
-119.34391537
-119.15988466
-118.97585395
-118.79182324
-118.60779253
-118.42376182
-118.23973111
-118.05570040
-117.87166969
-117.68763898
-117.50360827
-117.31957756
-117.13554685
-116.95151614
-116.76748543
-116.58345472
-116.39942401
-116.21539330
-116.03136259
-115.84733188
-115.66330117
-115.47927046
-115.29523975
-115.11120904
-114.92717833
-114.74314762
-114.55911691
-114.37508620
-114.19105549
-114.00702478
-113.82299407
-113.63896336
-113.45493265
-113.27090194
-113.08687123
-112.90284052
-112.71880981
-112.53477910
-112.35074839
-112.16671768
-111.98268697
-111.79865626
-111.61462555
-111.43059484
-111.24656413
-111.06253342
-110.87850271
-110.69447200
-110.51044129
-110.32641059
-110.14237988
-109.95834917
-109.77431846
-109.59028775
-109.40625704
-109.22222633
-109.03819562
-108.85416491
-108.67013420
-108.48610349
-108.30207278
-108.11804207
-107.93401136
-107.74998065
-107.56594994
-107.38191923
-107.19788852
-107.01385781
-106.82982710
-106.64579639
-106.46176568
-106.27773497
-106.09370426
-105.90967355
-105.72564284
-105.54161213
-105.35758142
-105.17355071
-104.98952000
-104.80548929
-104.62145858
-104.43742787
-104.25339716
-104.06936645
-103.88533574
-103.70130503
-103.51727432
-103.33324361
-103.14921290
-102.96518219
-102.78115148
-102.59712077
-102.41309006
-102.22905935
-102.04502864
-101.86099793
-101.67696722
-101.49293651
-101.30890580
-101.12487509
-100.94084438
-100.75681367
-100.57278296
-100.38875225
-100.20472154
-100.02069083
-99.83666012
-99.65262941
-99.46859870
-99.28456799
-99.10053728
-98.91650657
-98.73247586
-98.54844515
-98.36441444
-98.18038373
-97.99635302
-97.81232231
-97.62829160
-97.44426089
-97.26023018
-97.07619947
-96.89216876
-96.70813805
-96.52410734
-96.34007663
-96.15604592
-95.97201521
-95.78798450
-95.60395379
-95.41992308
-95.23589237
-95.05186166
-94.86783095
-94.68380024
-94.49976953
-94.31573882
-94.13170811
-93.94767740
-93.76364669
-93.57961598
-93.39558527
-93.21155456
-93.02752385
-92.84349314
-92.65946243
-92.47543172
-92.29140101
-92.10737030
-91.92333960
-91.73930889
-91.55527818
-91.37124747
-91.18721676
-91.00318605
-90.81915534
-90.63512463
-90.45109392
-90.26706321
-90.08303250
-89.89900179
-89.71497108
-89.53094037
-89.34690966
-89.16287895
-88.97884824
-88.79481753
-88.61078682
-88.42675611
-88.24272540
-88.05869469
-87.87466398
-87.69063327
-87.50660256
-87.32257185
-87.13854114
-86.95451043
-86.77047972
-86.58644901
-86.40241830
-86.21838759
-86.03435688
-85.85032617
-85.66629546
-85.48226475
-85.29823404
-85.11420333
-84.93017262
-84.74614191
-84.56211120
-84.37808049
-84.19404978
-84.01001907
-83.82598836
-83.64195765
-83.45792694
-83.27389623
-83.08986552
-82.90583481
-82.72180410
-82.53777339
-82.35374268
-82.16971197
-81.98568126
-81.80165055
-81.61761984
-81.43358913
-81.24955842
-81.06552771
-80.88149700
-80.69746629
-80.51343558
-80.32940487
-80.14537416
-79.96134345
-79.77731274
-79.59328203
-79.40925132
-79.22522061
-79.04118990
-78.85715919
-78.67312848
-78.48909777
-78.30506706
-78.12103635
-77.93700564
-77.75297493
-77.56894422
-77.38491351
-77.20088280
-77.01685209
-76.83282138
-76.64879067
-76.46475996
-76.28072925
-76.09669854
-75.91266783
-75.72863712
-75.54460641
-75.36057570
-75.17654499
-74.99251428
-74.80848357
-74.62445286
-74.44042215
-74.25639144
-74.07236073
-73.88833002
-73.70429931
-73.52026861
-73.33623790
-73.15220719
-72.96817648
-72.78414577
-72.60011506
-72.41608435
-72.23205364
-72.04802293
-71.86399222
-71.67996151
-71.49593080
-71.31190009
-71.12786938
-70.94383867
-70.75980796
-70.57577725
-70.39174654
-70.20771583
-70.02368512
-69.83965441
-69.65562370
-69.47159299
-69.28756228
-69.10353157
-68.91950086
-68.73547015
-68.55143944
-68.36740873
-68.18337802
-67.99934731
-67.81531660
-67.63128589
-67.44725518
-67.26322447
-67.07919376
-66.89516305
-66.71113234
-66.52710163
-66.34307092
-66.15904021
-65.97500950
-65.79097879
-65.60694808
-65.42291737
-65.23888666
-65.05485595
-64.87082524
-64.68679453
-64.50276382
-64.31873311
-64.13470240
-63.95067169
-63.76664098
-63.58261027
-63.39857956
-63.21454885
-63.03051814
-62.84648743
-62.66245672
-62.47842601
-62.29439530
-62.11036459
-61.92633388
-61.74230317
-61.55827246
-61.37424175
-61.19021104
-61.00618033
-60.82214962
-60.63811891
-60.45408820
-60.27005749
-60.08602678
-59.90199607
-59.71796536
-59.53393465
-59.34990394
-59.16587323
-58.98184252
-58.79781181
-58.61378110
-58.42975039
-58.24571968
-58.06168897
-57.87765826
-57.69362755
-57.50959684
-57.32556613
-57.14153542
-56.95750471
-56.77347400
-56.58944329
-56.40541258
-56.22138187
-56.03735116
-55.85332045
-55.66928974
-55.48525903
-55.30122832
-55.11719762
-54.93316691
-54.74913620
-54.56510549
-54.38107478
-54.19704407
-54.01301336
-53.82898265
-53.64495194
-53.46092123
-53.27689052
-53.09285981
-52.90882910
-52.72479839
-52.54076768
-52.35673697
-52.17270626
-51.98867555
-51.80464484
-51.62061413
-51.43658342
-51.25255271
-51.06852200
-50.88449129
-50.70046058
-50.51642987
-50.33239916
-50.14836845
-49.96433774
-49.78030703
-49.59627632
-49.41224561
-49.22821490
-49.04418419
-48.86015348
-48.67612277
-48.49209206
-48.30806135
-48.12403064
-47.93999993
-47.75596922
-47.57193851
-47.38790780
-47.20387709
-47.01984638
-46.83581567
-46.65178496
-46.46775425
-46.28372354
-46.09969283
-45.91566212
-45.73163141
-45.54760070
-45.36356999
-45.17953928
-44.99550857
-44.81147786
-44.62744715
-44.44341644
-44.25938573
-44.07535502
-43.89132431
-43.70729360
-43.52326289
-43.33923218
-43.15520147
-42.97117076
-42.78714005
-42.60310934
-42.41907863
-42.23504792
-42.05101721
-41.86698650
-41.68295579
-41.49892508
-41.31489437
-41.13086366
-40.94683295
-40.76280224
-40.57877153
-40.39474082
-40.21071011
-40.02667940
-39.84264869
-39.65861798
-39.47458727
-39.29055656
-39.10652585
-38.92249514
-38.73846443
-38.55443372
-38.37040301
-38.18637230
-38.00234159
-37.81831088
-37.63428017
-37.45024946
-37.26621875
-37.08218804
-36.89815733
-36.71412663
-36.53009592
-36.34606521
-36.16203450
-35.97800379
-35.79397308
-35.60994237
-35.42591166
-35.24188095
-35.05785024
-34.87381953
-34.68978882
-34.50575811
-34.32172740
-34.13769669
-33.95366598
-33.76963527
-33.58560456
-33.40157385
-33.21754314
-33.03351243
-32.84948172
-32.66545101
-32.48142030
-32.29738959
-32.11335888
-31.92932817
-31.74529746
-31.56126675
-31.37723604
-31.19320533
-31.00917462
-30.82514391
-30.64111320
-30.45708249
-30.27305178
-30.08902107
-29.90499036
-29.72095965
-29.53692894
-29.35289823
-29.16886752
-28.98483681
-28.80080610
-28.61677539
-28.43274468
-28.24871397
-28.06468326
-27.88065255
-27.69662184
-27.51259113
-27.32856042
-27.14452971
-26.96049900
-26.77646829
-26.59243758
-26.40840687
-26.22437616
-26.04034545
-25.85631474
-25.67228403
-25.48825332
-25.30422261
-25.12019190
-24.93616119
-24.75213048
-24.56809977
-24.38406906
-24.20003835
-24.01600764
-23.83197693
-23.64794622
-23.46391551
-23.27988480
-23.09585409
-22.91182338
-22.72779267
-22.54376196
-22.35973125
-22.17570054
-21.99166983
-21.80763912
-21.62360841
-21.43957770
-21.25554699
-21.07151628
-20.88748557
-20.70345486
-20.51942415
-20.33539344
-20.15136273
-19.96733202
-19.78330131
-19.59927060
-19.41523989
-19.23120918
-19.04717847
-18.86314776
-18.67911705
-18.49508634
-18.31105564
-18.12702493
-17.94299422
-17.75896351
-17.57493280
-17.39090209
-17.20687138
-17.02284067
-16.83880996
-16.65477925
-16.47074854
-16.28671783
-16.10268712
-15.91865641
-15.73462570
-15.55059499
-15.36656428
-15.18253357
-14.99850286
-14.81447215
-14.63044144
-14.44641073
-14.26238002
-14.07834931
-13.89431860
-13.71028789
-13.52625718
-13.34222647
-13.15819576
-12.97416505
-12.79013434
-12.60610363
-12.42207292
-12.23804221
-12.05401150
-11.86998079
-11.68595008
-11.50191937
-11.31788866
-11.13385795
-10.94982724
-10.76579653
-10.58176582
-10.39773511
-10.21370440
-10.02967369
-9.84564298
-9.66161227
-9.47758156
-9.29355085
-9.10952014
-8.92548943
-8.74145872
-8.55742801
-8.37339730
-8.18936659
-8.00533588
-7.82130517
-7.63727446
-7.45324375
-7.26921304
-7.08518233
-6.90115162
-6.71712091
-6.53309020
-6.34905949
-6.16502878
-5.98099807
-5.79696736
-5.61293665
-5.42890594
-5.24487523
-5.06084452
-4.87681381
-4.69278310
-4.50875239
-4.32472168
-4.14069097
-3.95666026
-3.77262955
-3.58859884
-3.40456813
-3.22053742
-3.03650671
-2.85247600
-2.66844529
-2.48441458
-2.30038387
-2.11635316
-1.93232245
-1.74829174
-1.56426103
-1.38023032
-1.19619961
-1.01216890
-0.82813819
-0.64410748
-0.46007677
-0.27604606
-0.09201535
0.09201535
0.27604606
0.46007677
0.64410748
0.82813819
1.01216890
1.19619961
1.38023032
1.56426103
1.74829174
1.93232245
2.11635316
2.30038387
2.48441458
2.66844529
2.85247600
3.03650671
3.22053742
3.40456813
3.58859884
3.77262955
3.95666026
4.14069097
4.32472168
4.50875239
4.69278310
4.87681381
5.06084452
5.24487523
5.42890594
5.61293665
5.79696736
5.98099807
6.16502878
6.34905949
6.53309020
6.71712091
6.90115162
7.08518233
7.26921304
7.45324375
7.63727446
7.82130517
8.00533588
8.18936659
8.37339730
8.55742801
8.74145872
8.92548943
9.10952014
9.29355085
9.47758156
9.66161227
9.84564298
10.02967369
10.21370440
10.39773511
10.58176582
10.76579653
10.94982724
11.13385795
11.31788866
11.50191937
11.68595008
11.86998079
12.05401150
12.23804221
12.42207292
12.60610363
12.79013434
12.97416505
13.15819576
13.34222647
13.52625718
13.71028789
13.89431860
14.07834931
14.26238002
14.44641073
14.63044144
14.81447215
14.99850286
15.18253357
15.36656428
15.55059499
15.73462570
15.91865641
16.10268712
16.28671783
16.47074854
16.65477925
16.83880996
17.02284067
17.20687138
17.39090209
17.57493280
17.75896351
17.94299422
18.12702493
18.31105564
18.49508634
18.67911705
18.86314776
19.04717847
19.23120918
19.41523989
19.59927060
19.78330131
19.96733202
20.15136273
20.33539344
20.51942415
20.70345486
20.88748557
21.07151628
21.25554699
21.43957770
21.62360841
21.80763912
21.99166983
22.17570054
22.35973125
22.54376196
22.72779267
22.91182338
23.09585409
23.27988480
23.46391551
23.64794622
23.83197693
24.01600764
24.20003835
24.38406906
24.56809977
24.75213048
24.93616119
25.12019190
25.30422261
25.48825332
25.67228403
25.85631474
26.04034545
26.22437616
26.40840687
26.59243758
26.77646829
26.96049900
27.14452971
27.32856042
27.51259113
27.69662184
27.88065255
28.06468326
28.24871397
28.43274468
28.61677539
28.80080610
28.98483681
29.16886752
29.35289823
29.53692894
29.72095965
29.90499036
30.08902107
30.27305178
30.45708249
30.64111320
30.82514391
31.00917462
31.19320533
31.37723604
31.56126675
31.74529746
31.92932817
32.11335888
32.29738959
32.48142030
32.66545101
32.84948172
33.03351243
33.21754314
33.40157385
33.58560456
33.76963527
33.95366598
34.13769669
34.32172740
34.50575811
34.68978882
34.87381953
35.05785024
35.24188095
35.42591166
35.60994237
35.79397308
35.97800379
36.16203450
36.34606521
36.53009592
36.71412663
36.89815733
37.08218804
37.26621875
37.45024946
37.63428017
37.81831088
38.00234159
38.18637230
38.37040301
38.55443372
38.73846443
38.92249514
39.10652585
39.29055656
39.47458727
39.65861798
39.84264869
40.02667940
40.21071011
40.39474082
40.57877153
40.76280224
40.94683295
41.13086366
41.31489437
41.49892508
41.68295579
41.86698650
42.05101721
42.23504792
42.41907863
42.60310934
42.78714005
42.97117076
43.15520147
43.33923218
43.52326289
43.70729360
43.89132431
44.07535502
44.25938573
44.44341644
44.62744715
44.81147786
44.99550857
45.17953928
45.36356999
45.54760070
45.73163141
45.91566212
46.09969283
46.28372354
46.46775425
46.65178496
46.83581567
47.01984638
47.20387709
47.38790780
47.57193851
47.75596922
47.93999993
48.12403064
48.30806135
48.49209206
48.67612277
48.86015348
49.04418419
49.22821490
49.41224561
49.59627632
49.78030703
49.96433774
50.14836845
50.33239916
50.51642987
50.70046058
50.88449129
51.06852200
51.25255271
51.43658342
51.62061413
51.80464484
51.98867555
52.17270626
52.35673697
52.54076768
52.72479839
52.90882910
53.09285981
53.27689052
53.46092123
53.64495194
53.82898265
54.01301336
54.19704407
54.38107478
54.56510549
54.74913620
54.93316691
55.11719762
55.30122832
55.48525903
55.66928974
55.85332045
56.03735116
56.22138187
56.40541258
56.58944329
56.77347400
56.95750471
57.14153542
57.32556613
57.50959684
57.69362755
57.87765826
58.06168897
58.24571968
58.42975039
58.61378110
58.79781181
58.98184252
59.16587323
59.34990394
59.53393465
59.71796536
59.90199607
60.08602678
60.27005749
60.45408820
60.63811891
60.82214962
61.00618033
61.19021104
61.37424175
61.55827246
61.74230317
61.92633388
62.11036459
62.29439530
62.47842601
62.66245672
62.84648743
63.03051814
63.21454885
63.39857956
63.58261027
63.76664098
63.95067169
64.13470240
64.31873311
64.50276382
64.68679453
64.87082524
65.05485595
65.23888666
65.42291737
65.60694808
65.79097879
65.97500950
66.15904021
66.34307092
66.52710163
66.71113234
66.89516305
67.07919376
67.26322447
67.44725518
67.63128589
67.81531660
67.99934731
68.18337802
68.36740873
68.55143944
68.73547015
68.91950086
69.10353157
69.28756228
69.47159299
69.65562370
69.83965441
70.02368512
70.20771583
70.39174654
70.57577725
70.75980796
70.94383867
71.12786938
71.31190009
71.49593080
71.67996151
71.86399222
72.04802293
72.23205364
72.41608435
72.60011506
72.78414577
72.96817648
73.15220719
73.33623790
73.52026861
73.70429931
73.88833002
74.07236073
74.25639144
74.44042215
74.62445286
74.80848357
74.99251428
75.17654499
75.36057570
75.54460641
75.72863712
75.91266783
76.09669854
76.28072925
76.46475996
76.64879067
76.83282138
77.01685209
77.20088280
77.38491351
77.56894422
77.75297493
77.93700564
78.12103635
78.30506706
78.48909777
78.67312848
78.85715919
79.04118990
79.22522061
79.40925132
79.59328203
79.77731274
79.96134345
80.14537416
80.32940487
80.51343558
80.69746629
80.88149700
81.06552771
81.24955842
81.43358913
81.61761984
81.80165055
81.98568126
82.16971197
82.35374268
82.53777339
82.72180410
82.90583481
83.08986552
83.27389623
83.45792694
83.64195765
83.82598836
84.01001907
84.19404978
84.37808049
84.56211120
84.74614191
84.93017262
85.11420333
85.29823404
85.48226475
85.66629546
85.85032617
86.03435688
86.21838759
86.40241830
86.58644901
86.77047972
86.95451043
87.13854114
87.32257185
87.50660256
87.69063327
87.87466398
88.05869469
88.24272540
88.42675611
88.61078682
88.79481753
88.97884824
89.16287895
89.34690966
89.53094037
89.71497108
89.89900179
90.08303250
90.26706321
90.45109392
90.63512463
90.81915534
91.00318605
91.18721676
91.37124747
91.55527818
91.73930889
91.92333960
92.10737030
92.29140101
92.47543172
92.65946243
92.84349314
93.02752385
93.21155456
93.39558527
93.57961598
93.76364669
93.94767740
94.13170811
94.31573882
94.49976953
94.68380024
94.86783095
95.05186166
95.23589237
95.41992308
95.60395379
95.78798450
95.97201521
96.15604592
96.34007663
96.52410734
96.70813805
96.89216876
97.07619947
97.26023018
97.44426089
97.62829160
97.81232231
97.99635302
98.18038373
98.36441444
98.54844515
98.73247586
98.91650657
99.10053728
99.28456799
99.46859870
99.65262941
99.83666012
100.02069083
100.20472154
100.38875225
100.57278296
100.75681367
100.94084438
101.12487509
101.30890580
101.49293651
101.67696722
101.86099793
102.04502864
102.22905935
102.41309006
102.59712077
102.78115148
102.96518219
103.14921290
103.33324361
103.51727432
103.70130503
103.88533574
104.06936645
104.25339716
104.43742787
104.62145858
104.80548929
104.98952000
105.17355071
105.35758142
105.54161213
105.72564284
105.90967355
106.09370426
106.27773497
106.46176568
106.64579639
106.82982710
107.01385781
107.19788852
107.38191923
107.56594994
107.74998065
107.93401136
108.11804207
108.30207278
108.48610349
108.67013420
108.85416491
109.03819562
109.22222633
109.40625704
109.59028775
109.77431846
109.95834917
110.14237988
110.32641059
110.51044129
110.69447200
110.87850271
111.06253342
111.24656413
111.43059484
111.61462555
111.79865626
111.98268697
112.16671768
112.35074839
112.53477910
112.71880981
112.90284052
113.08687123
113.27090194
113.45493265
113.63896336
113.82299407
114.00702478
114.19105549
114.37508620
114.55911691
114.74314762
114.92717833
115.11120904
115.29523975
115.47927046
115.66330117
115.84733188
116.03136259
116.21539330
116.39942401
116.58345472
116.76748543
116.95151614
117.13554685
117.31957756
117.50360827
117.68763898
117.87166969
118.05570040
118.23973111
118.42376182
118.60779253
118.79182324
118.97585395
119.15988466
119.34391537
119.52794608
119.71197679
119.89600750
120.08003821
120.26406892
120.44809963
120.63213034
120.81616105
121.00019176
121.18422247
121.36825318
121.55228389
121.73631460
121.92034531
122.10437602
122.28840673
122.47243744
122.65646815
122.84049886
123.02452957
123.20856028
123.39259099
123.57662170
123.76065241
123.94468312
124.12871383
124.31274454
124.49677525
124.68080596
124.86483667
125.04886738
125.23289809
125.41692880
125.60095951
125.78499022
125.96902093
126.15305164
126.33708235
126.52111306
126.70514377
126.88917448
127.07320519
127.25723590
127.44126661
127.62529732
127.80932803
127.99335874
128.17738945
128.36142016
128.54545087
128.72948158
128.91351228
129.09754299
129.28157370
129.46560441
129.64963512
129.83366583
130.01769654
130.20172725
130.38575796
130.56978867
130.75381938
130.93785009
131.12188080
131.30591151
131.48994222
131.67397293
131.85800364
132.04203435
132.22606506
132.41009577
132.59412648
132.77815719
132.96218790
133.14621861
133.33024932
133.51428003
133.69831074
133.88234145
134.06637216
134.25040287
134.43443358
134.61846429
134.80249500
134.98652571
135.17055642
135.35458713
135.53861784
135.72264855
135.90667926
136.09070997
136.27474068
136.45877139
136.64280210
136.82683281
137.01086352
137.19489423
137.37892494
137.56295565
137.74698636
137.93101707
138.11504778
138.29907849
138.48310920
138.66713991
138.85117062
139.03520133
139.21923204
139.40326275
139.58729346
139.77132417
139.95535488
140.13938559
140.32341630
140.50744701
140.69147772
140.87550843
141.05953914
141.24356985
141.42760056
141.61163127
141.79566198
141.97969269
142.16372340
142.34775411
142.53178482
142.71581553
142.89984624
143.08387695
143.26790766
143.45193837
143.63596908
143.81999979
144.00403050
144.18806121
144.37209192
144.55612263
144.74015334
144.92418405
145.10821476
145.29224547
145.47627618
145.66030689
145.84433760
146.02836831
146.21239902
146.39642973
146.58046044
146.76449115
146.94852186
147.13255257
147.31658327
147.50061398
147.68464469
147.86867540
148.05270611
148.23673682
148.42076753
148.60479824
148.78882895
148.97285966
149.15689037
149.34092108
149.52495179
149.70898250
149.89301321
150.07704392
150.26107463
150.44510534
150.62913605
150.81316676
150.99719747
151.18122818
151.36525889
151.54928960
151.73332031
151.91735102
152.10138173
152.28541244
152.46944315
152.65347386
152.83750457
153.02153528
153.20556599
153.38959670
153.57362741
153.75765812
153.94168883
154.12571954
154.30975025
154.49378096
154.67781167
154.86184238
155.04587309
155.22990380
155.41393451
155.59796522
155.78199593
155.96602664
156.15005735
156.33408806
156.51811877
156.70214948
156.88618019
157.07021090
157.25424161
157.43827232
157.62230303
157.80633374
157.99036445
158.17439516
158.35842587
158.54245658
158.72648729
158.91051800
159.09454871
159.27857942
159.46261013
159.64664084
159.83067155
160.01470226
160.19873297
160.38276368
160.56679439
160.75082510
160.93485581
161.11888652
161.30291723
161.48694794
161.67097865
161.85500936
162.03904007
162.22307078
162.40710149
162.59113220
162.77516291
162.95919362
163.14322433
163.32725504
163.51128575
163.69531646
163.87934717
164.06337788
164.24740859
164.43143930
164.61547001
164.79950072
164.98353143
165.16756214
165.35159285
165.53562356
165.71965426
165.90368497
166.08771568
166.27174639
166.45577710
166.63980781
166.82383852
167.00786923
167.19189994
167.37593065
167.55996136
167.74399207
167.92802278
168.11205349
168.29608420
168.48011491
168.66414562
168.84817633
169.03220704
169.21623775
169.40026846
169.58429917
169.76832988
169.95236059
170.13639130
170.32042201
170.50445272
170.68848343
170.87251414
171.05654485
171.24057556
171.42460627
171.60863698
171.79266769
171.97669840
172.16072911
172.34475982
172.52879053
172.71282124
172.89685195
173.08088266
173.26491337
173.44894408
173.63297479
173.81700550
174.00103621
174.18506692
174.36909763
174.55312834
174.73715905
174.92118976
175.10522047
175.28925118
175.47328189
175.65731260
175.84134331
176.02537402
176.20940473
176.39343544
176.57746615
176.76149686
176.94552757
177.12955828
177.31358899
177.49761970
177.68165041
177.86568112
178.04971183
178.23374254
178.41777325
178.60180396
178.78583467
178.96986538
179.15389609
179.33792680
179.52195751
179.70598822
179.89001893
180.07404964
180.25808035
180.44211106
180.62614177
180.81017248
180.99420319
181.17823390
181.36226461
181.54629532
181.73032603
181.91435674
182.09838745
182.28241816
182.46644887
182.65047958
182.83451029
183.01854100
183.20257171
183.38660242
183.57063313
183.75466384
183.93869455
184.12272525
184.30675596
184.49078667
184.67481738
184.85884809
185.04287880
185.22690951
185.41094022
185.59497093
185.77900164
185.96303235
186.14706306
186.33109377
186.51512448
186.69915519
186.88318590
187.06721661
187.25124732
187.43527803
187.61930874
187.80333945
187.98737016
188.17140087
188.35543158
